"","V1","V2","V3","V4","V5","V6","V7","V8"
"1",1,0.817829051229052,0.746144332162232,0.793675939277003,0.76236841728001,0.751982207804375,0.757969556405135,0.541501868450721
"2",0.817829051229052,1,0.713706084789105,0.758912674225554,0.799777646664902,0.724038006516182,0.697264794818905,0.482047097211582
"3",0.746144332162232,0.713706084789105,1,0.761928602756216,0.710771807095143,0.723430071211107,0.698339794843666,0.530176344107604
"4",0.793675939277003,0.758912674225554,0.761928602756216,1,0.788929204228735,0.906858979865338,0.803771079423801,0.608146881376228
"5",0.76236841728001,0.799777646664903,0.710771807095143,0.788929204228735,1,0.737420039784449,0.733949553250976,0.516507772965749
"6",0.751982207804375,0.724038006516182,0.723430071211107,0.906858979865338,0.737420039784449,1,0.792185666755353,0.570591075922337
"7",0.757969556405135,0.697264794818905,0.698339794843666,0.803771079423801,0.733949553250976,0.792185666755353,1,0.573853958209511
"8",0.541501868450721,0.482047097211582,0.530176344107604,0.608146881376228,0.516507772965749,0.570591075922337,0.573853958209511,1
