"","V1","V2","V3","V4","V5","V6","V7","V8"
"1",1,0.801667160735678,0.737372675449114,0.751321605013368,0.627496622426398,0.718367910186334,0.663608383518375,0.509338375825044
"2",0.801667160735678,1,0.73964450762776,0.76207225020396,0.645544185299229,0.768258621575839,0.644241931413349,0.520344777773834
"3",0.737372675449114,0.73964450762776,1,0.739498531092113,0.625360658351852,0.722679500659019,0.629344216991151,0.50334795494833
"4",0.751321605013368,0.76207225020396,0.739498531092113,1,0.665949730955405,0.922203266563636,0.711936837525773,0.597861887726901
"5",0.627496622426398,0.645544185299229,0.625360658351852,0.665949730955405,1,0.697231582006304,0.512528752734821,0.469177641574784
"6",0.718367910186334,0.768258621575839,0.722679500659019,0.922203266563636,0.697231582006304,1,0.719302033215533,0.612427621049575
"7",0.663608383518375,0.644241931413349,0.629344216991151,0.711936837525773,0.512528752734821,0.719302033215533,1,0.513920808874002
"8",0.509338375825044,0.520344777773835,0.50334795494833,0.597861887726901,0.469177641574784,0.612427621049575,0.513920808874002,1
