"","V1","V2","V3","V4","V5","V6","V7","V8"
"1",1,0.802212887760861,0.642027844966237,0.600737240909958,0.591202453955483,0.73800023833696,0.752333154688902,0.668736235309714
"2",0.802212887760861,1,0.575229945544201,0.636762122355983,0.599439315926268,0.717554623385805,0.742965263930283,0.661103694233725
"3",0.642027844966237,0.575229945544201,1,0.411782986188244,0.420657836404302,0.504521242693403,0.528579949352091,0.470088724681143
"4",0.600737240909958,0.636762122355983,0.411782986188244,1,0.499749530285917,0.83735900351295,0.625437651665,0.543730421214448
"5",0.591202453955483,0.599439315926268,0.420657836404302,0.499749530285917,1,0.539254769019598,0.693970589964042,0.732133780424469
"6",0.73800023833696,0.717554623385805,0.504521242693403,0.83735900351295,0.539254769019598,1,0.750517741202056,0.607099289544181
"7",0.752333154688902,0.742965263930283,0.528579949352091,0.625437651665,0.693970589964042,0.750517741202056,1,0.76742786741312
"8",0.668736235309714,0.661103694233725,0.470088724681143,0.543730421214448,0.732133780424469,0.607099289544181,0.76742786741312,1
