"","V1","V2","V3","V4","V5","V6","V7","V8"
"1",1,0.861305493438036,0.80386898558299,0.810472993473364,0.727017303115995,0.781236935036607,0.768448687305392,0.471366628623081
"2",0.861305493438036,1,0.786150393256531,0.803995473394157,0.747773704196805,0.807460278452456,0.758304388155838,0.461543504143251
"3",0.80386898558299,0.786150393256531,1,0.791919943244493,0.701136505844573,0.768650689281687,0.774658551596408,0.486986463097001
"4",0.810472993473364,0.803995473394157,0.791919943244493,1,0.697702873833446,0.915634337955041,0.831710350173169,0.563446372770851
"5",0.727017303115995,0.747773704196805,0.701136505844573,0.697702873833446,1,0.67632226459398,0.656593103853053,0.383149789860273
"6",0.781236935036607,0.807460278452456,0.768650689281687,0.915634337955041,0.67632226459398,1,0.808372616312401,0.529632506544746
"7",0.768448687305392,0.758304388155838,0.774658551596408,0.831710350173169,0.656593103853053,0.808372616312401,1,0.52989695102209
"8",0.471366628623081,0.461543504143251,0.486986463097001,0.563446372770851,0.383149789860273,0.529632506544746,0.52989695102209,1
