"","V1","V2","V3","V4","V5","V6","V7","V8"
"1",1,0.754857877371746,0.60804537531237,0.545359656597876,0.533176407932156,0.552318115108283,0.60105709586387,0.548989079426978
"2",0.754857877371746,1,0.662049332784858,0.585573177530972,0.55322259729257,0.616628607155802,0.648073859629884,0.552088038005484
"3",0.60804537531237,0.662049332784858,1,0.758128589043191,0.505046098464678,0.762178853292332,0.541818791716218,0.411663318262458
"4",0.545359656597876,0.585573177530972,0.758128589043191,1,0.550181144465097,0.958691230526295,0.600903514999752,0.502901757738344
"5",0.533176407932156,0.55322259729257,0.505046098464678,0.550181144465097,1,0.604150002231573,0.582859379599489,0.63300763961694
"6",0.552318115108283,0.616628607155802,0.762178853292332,0.958691230526295,0.604150002231573,1,0.623047655928242,0.543205589064766
"7",0.60105709586387,0.648073859629884,0.541818791716218,0.600903514999752,0.582859379599489,0.623047655928242,1,0.607158801879474
"8",0.548989079426978,0.552088038005484,0.411663318262458,0.502901757738344,0.63300763961694,0.543205589064766,0.607158801879474,1
