"","V1","V2","V3","V4","V5","V6","V7","V8"
"1",1,0.734858730280892,0.561260962848091,0.497288925025421,0.451517000940276,0.414735748979174,0.602507771370582,0.56117848240955
"2",0.734858730280892,1,0.663488289936707,0.598846323930902,0.551037643693968,0.523301286921437,0.651629760216267,0.557263782382134
"3",0.561260962848091,0.663488289936707,1,0.771334434662683,0.466248905697043,0.607495795012971,0.549779484093905,0.460673328513051
"4",0.497288925025421,0.598846323930902,0.771334434662683,1,0.590845344965199,0.867351420618138,0.631984656190428,0.565966352027421
"5",0.451517000940276,0.551037643693968,0.466248905697043,0.590845344965199,1,0.514418060862301,0.573863497682766,0.647772407438156
"6",0.414735748979174,0.523301286921437,0.607495795012971,0.867351420618138,0.514418060862301,1,0.579265287020695,0.51116675148346
"7",0.602507771370582,0.651629760216267,0.549779484093905,0.631984656190428,0.573863497682766,0.579265287020695,1,0.667143464583541
"8",0.56117848240955,0.557263782382134,0.460673328513051,0.565966352027421,0.647772407438156,0.511166751483461,0.667143464583541,1
