"","V1","V2","V3","V4","V5","V6","V7","V8"
"1",1,0.74454352725425,0.61142635002436,0.523069627247656,0.532722889436425,0.546355988091794,0.606314324949649,0.519841748267183
"2",0.74454352725425,1,0.656048798098646,0.575203596749587,0.59107317191597,0.608426360737712,0.657333108855046,0.497372570079427
"3",0.61142635002436,0.656048798098646,1,0.789555516970616,0.524326309435127,0.776712696826681,0.53827840625099,0.40414341646211
"4",0.523069627247656,0.575203596749587,0.789555516970616,1,0.59855031512672,0.969214426006907,0.618705054646041,0.503723660693211
"5",0.532722889436425,0.59107317191597,0.524326309435127,0.59855031512672,1,0.646409424725062,0.636248287818838,0.634817053215463
"6",0.546355988091794,0.608426360737712,0.776712696826681,0.969214426006907,0.646409424725062,1,0.646798909219942,0.540846797762421
"7",0.606314324949649,0.657333108855046,0.53827840625099,0.618705054646041,0.636248287818838,0.646798909219942,1,0.674051652001176
"8",0.519841748267183,0.497372570079427,0.40414341646211,0.503723660693211,0.634817053215463,0.540846797762421,0.674051652001176,1
